[gd_scene load_steps=3 format=3 uid="uid://bbvduvnoesla5"]

[ext_resource type="PackedScene" path="res://Things/TunnelObjects/3D/Background/BGSegment.tscn" id="1"]
[ext_resource type="Script" path="res://Scripts/Things/TunnelObjects/Background.cs" id="1_7hv1b"]

[node name="Background" type="Node3D"]
script = ExtResource("1_7hv1b")

[node name="0" parent="." instance=ExtResource("1")]

[node name="1" parent="." instance=ExtResource("1")]
transform = Transform3D(0.994522, 0.104528, 0, -0.104528, 0.994522, 0, 0, 0, 1, 0, 0, 0)

[node name="2" parent="." instance=ExtResource("1")]
transform = Transform3D(0.978148, 0.207912, 0, -0.207912, 0.978148, 0, 0, 0, 1, 0, 0, 0)

[node name="3" parent="." instance=ExtResource("1")]
transform = Transform3D(0.951057, 0.309017, 0, -0.309017, 0.951057, 0, 0, 0, 1, 0, 0, 0)

[node name="4" parent="." instance=ExtResource("1")]
transform = Transform3D(0.913545, 0.406737, 0, -0.406737, 0.913545, 0, 0, 0, 1, 0, 0, 0)

[node name="5" parent="." instance=ExtResource("1")]
transform = Transform3D(0.866025, 0.5, 0, -0.5, 0.866025, 0, 0, 0, 1, 0, 0, 0)

[node name="6" parent="." instance=ExtResource("1")]
transform = Transform3D(0.809017, 0.587785, 0, -0.587785, 0.809017, 0, 0, 0, 1, 0, 0, 0)

[node name="7" parent="." instance=ExtResource("1")]
transform = Transform3D(0.743145, 0.669131, 0, -0.669131, 0.743145, 0, 0, 0, 1, 0, 0, 0)

[node name="8" parent="." instance=ExtResource("1")]
transform = Transform3D(0.669131, 0.743145, 0, -0.743145, 0.669131, 0, 0, 0, 1, 0, 0, 0)

[node name="9" parent="." instance=ExtResource("1")]
transform = Transform3D(0.587785, 0.809017, 0, -0.809017, 0.587785, 0, 0, 0, 1, 0, 0, 0)

[node name="10" parent="." instance=ExtResource("1")]
transform = Transform3D(0.5, 0.866025, 0, -0.866025, 0.5, 0, 0, 0, 1, 0, 0, 0)

[node name="11" parent="." instance=ExtResource("1")]
transform = Transform3D(0.406737, 0.913545, 0, -0.913545, 0.406737, 0, 0, 0, 1, 0, 0, 0)

[node name="12" parent="." instance=ExtResource("1")]
transform = Transform3D(0.309017, 0.951057, 0, -0.951057, 0.309017, 0, 0, 0, 1, 0, 0, 0)

[node name="13" parent="." instance=ExtResource("1")]
transform = Transform3D(0.207912, 0.978148, 0, -0.978148, 0.207912, 0, 0, 0, 1, 0, 0, 0)

[node name="14" parent="." instance=ExtResource("1")]
transform = Transform3D(0.104528, 0.994522, 0, -0.994522, 0.104528, 0, 0, 0, 1, 0, 0, 0)

[node name="15" parent="." instance=ExtResource("1")]
transform = Transform3D(-4.37114e-08, 1, 0, -1, -4.37114e-08, 0, 0, 0, 1, 0, 0, 0)

[node name="16" parent="." instance=ExtResource("1")]
transform = Transform3D(-0.104529, 0.994522, 0, -0.994522, -0.104529, 0, 0, 0, 1, 0, 0, 0)

[node name="17" parent="." instance=ExtResource("1")]
transform = Transform3D(-0.207912, 0.978148, 0, -0.978148, -0.207912, 0, 0, 0, 1, 0, 0, 0)

[node name="18" parent="." instance=ExtResource("1")]
transform = Transform3D(-0.309017, 0.951056, 0, -0.951056, -0.309017, 0, 0, 0, 1, 0, 0, 0)

[node name="19" parent="." instance=ExtResource("1")]
transform = Transform3D(-0.406737, 0.913545, 0, -0.913545, -0.406737, 0, 0, 0, 1, 0, 0, 0)

[node name="20" parent="." instance=ExtResource("1")]
transform = Transform3D(-0.5, 0.866025, 0, -0.866025, -0.5, 0, 0, 0, 1, 0, 0, 0)

[node name="21" parent="." instance=ExtResource("1")]
transform = Transform3D(-0.587785, 0.809017, 0, -0.809017, -0.587785, 0, 0, 0, 1, 0, 0, 0)

[node name="22" parent="." instance=ExtResource("1")]
transform = Transform3D(-0.669131, 0.743145, 0, -0.743145, -0.669131, 0, 0, 0, 1, 0, 0, 0)

[node name="23" parent="." instance=ExtResource("1")]
transform = Transform3D(-0.743145, 0.669131, 0, -0.669131, -0.743145, 0, 0, 0, 1, 0, 0, 0)

[node name="24" parent="." instance=ExtResource("1")]
transform = Transform3D(-0.809017, 0.587785, 0, -0.587785, -0.809017, 0, 0, 0, 1, 0, 0, 0)

[node name="25" parent="." instance=ExtResource("1")]
transform = Transform3D(-0.866025, 0.5, 0, -0.5, -0.866025, 0, 0, 0, 1, 0, 0, 0)

[node name="26" parent="." instance=ExtResource("1")]
transform = Transform3D(-0.913545, 0.406737, 0, -0.406737, -0.913545, 0, 0, 0, 1, 0, 0, 0)

[node name="27" parent="." instance=ExtResource("1")]
transform = Transform3D(-0.951056, 0.309017, 0, -0.309017, -0.951056, 0, 0, 0, 1, 0, 0, 0)

[node name="28" parent="." instance=ExtResource("1")]
transform = Transform3D(-0.978147, 0.207912, 0, -0.207912, -0.978147, 0, 0, 0, 1, 0, 0, 0)

[node name="29" parent="." instance=ExtResource("1")]
transform = Transform3D(-0.994522, 0.104528, 0, -0.104528, -0.994522, 0, 0, 0, 1, 0, 0, 0)

[node name="30" parent="." instance=ExtResource("1")]
transform = Transform3D(-1, -8.74228e-08, 0, 8.74228e-08, -1, 0, 0, 0, 1, 0, 0, 0)

[node name="31" parent="." instance=ExtResource("1")]
transform = Transform3D(-0.994522, -0.104528, 0, 0.104528, -0.994522, 0, 0, 0, 1, 0, 0, 0)

[node name="32" parent="." instance=ExtResource("1")]
transform = Transform3D(-0.978147, -0.207912, 0, 0.207912, -0.978147, 0, 0, 0, 1, 0, 0, 0)

[node name="33" parent="." instance=ExtResource("1")]
transform = Transform3D(-0.951056, -0.309017, 0, 0.309017, -0.951056, 0, 0, 0, 1, 0, 0, 0)

[node name="34" parent="." instance=ExtResource("1")]
transform = Transform3D(-0.913545, -0.406736, 0, 0.406736, -0.913545, 0, 0, 0, 1, 0, 0, 0)

[node name="35" parent="." instance=ExtResource("1")]
transform = Transform3D(-0.866025, -0.5, 0, 0.5, -0.866025, 0, 0, 0, 1, 0, 0, 0)

[node name="36" parent="." instance=ExtResource("1")]
transform = Transform3D(-0.809017, -0.587785, 0, 0.587785, -0.809017, 0, 0, 0, 1, 0, 0, 0)

[node name="37" parent="." instance=ExtResource("1")]
transform = Transform3D(-0.743145, -0.66913, 0, 0.66913, -0.743145, 0, 0, 0, 1, 0, 0, 0)

[node name="38" parent="." instance=ExtResource("1")]
transform = Transform3D(-0.669131, -0.743145, 0, 0.743145, -0.669131, 0, 0, 0, 1, 0, 0, 0)

[node name="39" parent="." instance=ExtResource("1")]
transform = Transform3D(-0.587785, -0.809017, 0, 0.809017, -0.587785, 0, 0, 0, 1, 0, 0, 0)

[node name="40" parent="." instance=ExtResource("1")]
transform = Transform3D(-0.5, -0.866025, 0, 0.866025, -0.5, 0, 0, 0, 1, 0, 0, 0)

[node name="41" parent="." instance=ExtResource("1")]
transform = Transform3D(-0.406737, -0.913545, 0, 0.913545, -0.406737, 0, 0, 0, 1, 0, 0, 0)

[node name="42" parent="." instance=ExtResource("1")]
transform = Transform3D(-0.309017, -0.951056, 0, 0.951056, -0.309017, 0, 0, 0, 1, 0, 0, 0)

[node name="43" parent="." instance=ExtResource("1")]
transform = Transform3D(-0.207912, -0.978147, 0, 0.978147, -0.207912, 0, 0, 0, 1, 0, 0, 0)

[node name="44" parent="." instance=ExtResource("1")]
transform = Transform3D(-0.104528, -0.994522, 0, 0.994522, -0.104528, 0, 0, 0, 1, 0, 0, 0)

[node name="45" parent="." instance=ExtResource("1")]
transform = Transform3D(-4.37114e-08, -1, 0, 1, -4.37114e-08, 0, 0, 0, 1, 0, 0, 0)

[node name="46" parent="." instance=ExtResource("1")]
transform = Transform3D(0.104528, -0.994522, 0, 0.994522, 0.104528, 0, 0, 0, 1, 0, 0, 0)

[node name="47" parent="." instance=ExtResource("1")]
transform = Transform3D(0.207912, -0.978147, 0, 0.978147, 0.207912, 0, 0, 0, 1, 0, 0, 0)

[node name="48" parent="." instance=ExtResource("1")]
transform = Transform3D(0.309017, -0.951056, 0, 0.951056, 0.309017, 0, 0, 0, 1, 0, 0, 0)

[node name="49" parent="." instance=ExtResource("1")]
transform = Transform3D(0.406736, -0.913545, 0, 0.913545, 0.406736, 0, 0, 0, 1, 0, 0, 0)

[node name="50" parent="." instance=ExtResource("1")]
transform = Transform3D(0.5, -0.866025, 0, 0.866025, 0.5, 0, 0, 0, 1, 0, 0, 0)

[node name="51" parent="." instance=ExtResource("1")]
transform = Transform3D(0.587785, -0.809017, 0, 0.809017, 0.587785, 0, 0, 0, 1, 0, 0, 0)

[node name="52" parent="." instance=ExtResource("1")]
transform = Transform3D(0.66913, -0.743145, 0, 0.743145, 0.66913, 0, 0, 0, 1, 0, 0, 0)

[node name="53" parent="." instance=ExtResource("1")]
transform = Transform3D(0.743145, -0.669131, 0, 0.669131, 0.743145, 0, 0, 0, 1, 0, 0, 0)

[node name="54" parent="." instance=ExtResource("1")]
transform = Transform3D(0.809017, -0.587785, 0, 0.587785, 0.809017, 0, 0, 0, 1, 0, 0, 0)

[node name="55" parent="." instance=ExtResource("1")]
transform = Transform3D(0.866025, -0.5, 0, 0.5, 0.866025, 0, 0, 0, 1, 0, 0, 0)

[node name="56" parent="." instance=ExtResource("1")]
transform = Transform3D(0.913545, -0.406737, 0, 0.406737, 0.913545, 0, 0, 0, 1, 0, 0, 0)

[node name="57" parent="." instance=ExtResource("1")]
transform = Transform3D(0.951056, -0.309017, 0, 0.309017, 0.951056, 0, 0, 0, 1, 0, 0, 0)

[node name="58" parent="." instance=ExtResource("1")]
transform = Transform3D(0.978147, -0.207912, 0, 0.207912, 0.978147, 0, 0, 0, 1, 0, 0, 0)

[node name="59" parent="." instance=ExtResource("1")]
transform = Transform3D(0.994522, -0.104528, 0, 0.104528, 0.994522, 0, 0, 0, 1, 0, 0, 0)
